%%MatrixMarket matrix array real general
% 
% This is a model file of Train_features,
%    generated by l1_logreg_train ver.0.8.2
% Contents of model:
%    entry   1   : intercept
%    entries 2..m: coefficients
% 
97 1
-9.192348204486855e-01
-2.656384577100228e-05
-4.080322966692819e-05
 0.000000000000000e+00
 0.000000000000000e+00
 0.000000000000000e+00
 0.000000000000000e+00
 0.000000000000000e+00
 0.000000000000000e+00
 0.000000000000000e+00
 0.000000000000000e+00
 7.914609913386653e-05
 0.000000000000000e+00
 1.130024721972087e-04
 0.000000000000000e+00
 0.000000000000000e+00
 2.250528818683273e-05
 0.000000000000000e+00
 1.160028678680638e-04
 4.241971465443721e-05
 0.000000000000000e+00
 0.000000000000000e+00
 0.000000000000000e+00
-2.580374963062216e-05
-7.516228709936863e-05
 0.000000000000000e+00
 0.000000000000000e+00
 0.000000000000000e+00
-1.890663542342433e-07
-1.252458917454478e-05
 0.000000000000000e+00
 0.000000000000000e+00
 7.099587155465815e-05
-7.088905559579875e-05
 0.000000000000000e+00
 0.000000000000000e+00
-1.155133589870446e-04
 0.000000000000000e+00
 0.000000000000000e+00
 0.000000000000000e+00
 0.000000000000000e+00
-1.102418751858149e-04
 0.000000000000000e+00
 0.000000000000000e+00
-1.616012569778498e-04
 0.000000000000000e+00
 5.851326076931315e-05
 0.000000000000000e+00
 0.000000000000000e+00
 0.000000000000000e+00
 0.000000000000000e+00
 1.634097427534967e-04
 0.000000000000000e+00
 1.960113236478724e-04
 0.000000000000000e+00
 8.142525959278343e-05
 0.000000000000000e+00
 0.000000000000000e+00
 0.000000000000000e+00
 0.000000000000000e+00
 0.000000000000000e+00
 0.000000000000000e+00
 2.759954625321603e-04
 0.000000000000000e+00
 0.000000000000000e+00
 1.289458807831288e-04
 9.436151093460052e-05
 3.234955076105789e-05
 2.622810622723851e-04
 1.802564404667032e-05
 0.000000000000000e+00
 1.414931273071739e-04
 0.000000000000000e+00
 0.000000000000000e+00
 6.585451900299895e-05
 0.000000000000000e+00
 0.000000000000000e+00
 0.000000000000000e+00
 0.000000000000000e+00
 0.000000000000000e+00
 0.000000000000000e+00
 0.000000000000000e+00
 0.000000000000000e+00
-2.048614985884203e-04
 0.000000000000000e+00
-6.553744486421439e-05
-1.287137711229879e-04
 0.000000000000000e+00
-3.377888789974707e-04
-8.923830418680120e-06
-1.803761174361125e-04
 0.000000000000000e+00
-2.758264062429180e-04
-2.229288450981123e-04
 0.000000000000000e+00
-7.650432915189355e-05
-2.822420232554820e-05
