[ 0.58585859  0.26086957  0.58139535  0.54545455  0.32835821  0.55238095
  0.38297872  0.78571429  0.16326531  0.27659574  0.3030303   0.29268293
  0.52631579  0.28571429  0.72413793  0.35294118  0.69090909  0.40506329
  0.32967033  0.23529412  0.4950495   0.30769231  0.48543689  0.33928571
  0.4         0.4         0.33333333  0.36619718  0.32432432]
Done Loading in: 7.32766914368
Validation Score: 0.386269098917
Done Loading in: 7.28275585175
Validation Score: 0.411312621483
[ 0.54736842  0.29268293  0.4375      0.16666667  0.4137931   0.61538462
  0.62745098  0.65454545  0.12244898  0.26086957  0.26086957  0.33333333
  0.45454545  0.31372549  0.53846154  0.43589744  0.74509804  0.41558442
  0.39175258  0.125       0.39583333  0.41025641  0.46808511  0.43548387
  0.4556962   0.64        0.36619718  0.36111111  0.24242424]
Completed in: 78.2118718624
Done Loading in: 7.33458900452
Validation Score: 0.384565308258
[ 0.46666667  0.30232558  0.44736842  0.45714286  0.38095238  0.48484848
  0.41666667  0.90196078  0.17857143  0.22916667  0.20895522  0.08888889
  0.3         0.59574468  0.67692308  0.31325301  0.66666667  0.3902439
  0.32989691  0.14285714  0.37113402  0.25974026  0.47524752  0.375
  0.51351351  0.34782609  0.36923077  0.21917808  0.24242424]
Completed in: 78.2088470459
Done Loading in: 7.30545306206
Validation Score: 0.399831220461
[ 0.53658537  0.27027027  0.42105263  0.6         0.33333333  0.50943396
  0.5         0.73469388  0.17857143  0.28571429  0.38095238  0.31111111
  0.22222222  0.35714286  0.8         0.36842105  0.7394958   0.35443038
  0.24719101  0.1875      0.4         0.30232558  0.45098039  0.33613445
  0.45333333  0.4         0.39393939  0.27027027  0.25      ]
Completed in: 77.7915689945
